00000000000000000000000000000010000000000
00000000000000000000000000000000000000000
00000000000000000000000000000000000000000
00000000000000000000000000001000000000000
00000000000000000000000000111100000000000
00000000000000000000000000111100000000000
00000000000000000000000000111100000000000
00000000000000000000000000000000000000000
00000000000000000000100111111111100000000
00000000000000000000111111111111110110000
00000000000000000000111111111111111110000
00000000000000000001111111111111111100000
00000000000000000011111111111111111110000
00000000000000000111111111111111111111000
00000000000000000111111111111111111111000
00000001001000001111111111111111111111000
00000001111111001111111111111111111111000
00000011111111101111111111111111111111000
00000011111111101111111111111111111111000
00001011111111101111111111111111111110000
11111111111111111111111111111111111100000
00001011111111101111111111111111111110000
00000011111111101111111111111111111111000
00000011111111101111111111111111111111000
00000001111111001111111111111111111111000
00000001001000001111111111111111111111000
00000000000000000111111111111111111111000
00000000000000000111111111111111111111000
00000000000000000011111111111111111110000
00000000000000000001111111111111111100000
00000000000000000000111111111111111110000
00000000000000000000111111111111110110000
00000000000000000000100111111111100000000
00000000000000000000000000000000000000000
00000000000000000000000000111100000000000
00000000000000000000000000111100000000000
00000000000000000000000000111100000000000
00000000000000000000000000001000000000000
00000000000000000000000000000000000000000
00000000000000000000000000000000000000000
00000000000000000000000000000010000000000
77737523
